149.00
150.45
151.66
152.62
153.33
153.79
154.00
153.96
153.67
153.13
152.34
151.30
150.00
148.45
146.69
144.73
142.60
140.35
138.00
135.57
133.06
130.46
127.76
124.94
122.00
118.93
115.80
112.67
109.61
106.70
104.00
101.57
99.41
97.50
95.80
94.31
93.00
91.85
90.81
89.85
88.92
87.99
87.00
85.93
84.75
83.48
82.10
80.61
79.00
77.28
75.47
73.61
71.72
69.84
68.00
66.22
64.50
62.83
61.19
59.59
58.00
56.43
54.90
53.45
52.13
50.97
50.00
49.26
48.76
48.49
48.44
48.61
49.00
49.60
50.39
51.35
52.46
53.68
55.00
56.40
57.85
59.36
60.89
62.44
64.00
65.55
67.09
68.60
70.10
71.56
73.00
74.40
75.77
77.11
78.43
79.72
81.00
82.27
83.54
84.83
86.16
87.55
89.00
90.53
92.14
93.80
95.51
97.25
99.00
100.75
102.49
104.20
105.87
107.47
109.00
110.44
111.78
113.02
114.14
115.14
116.00
116.73
117.34
117.85
118.28
118.66
119.00
119.33
119.65
119.97
120.30
120.64
121.00
121.39
121.82
122.28
122.80
123.37
